prior_type,n,sigma2,prior_dist,prior_dist,denoise_regret,denoise_regret,denoise_diff,denoise_diff,post_dist,post_dist,evcb_distance,evcb_distance
,,,mean,std,mean,std,mean,std,mean,std,mean,std
discrete,5000,1.0,0.1380779202669492,0.047227036512720526,0.001589976139086143,0.001970755688815639,0.0017665242165043882,0.0014640408710671715,0.10550756805537088,0.03153406497917714,0.08542017176620877,0.022852245859582662
discrete,10000,1.0,0.12700595860251213,0.046760967011206335,0.0008278325276679696,0.0011209648581367608,0.0010521718257372817,0.0008244481935471798,0.09193617310428343,0.026718301104773294,0.07241487009345929,0.01883044111278113
discrete,15000,1.0,0.12693069863444745,0.04752126191009774,0.00045780515428452,0.0008424776614795665,0.0007759912124863348,0.0005863706932099083,0.08832510645578148,0.02362430918850816,0.0664524119360043,0.017958535628506044
discrete,20000,1.0,0.12494041306565393,0.04696788319468815,0.0003351030796514252,0.0006964803962570966,0.0006226304910357278,0.0004677706310683155,0.08505137960552307,0.022279939692205375,0.061881406647295675,0.017057813207052148
normal_mixture,5000,1.0,0.1745949297485541,0.03717746274179778,0.001414621015398704,0.002777344513015577,0.004488058682395197,0.0024756285949432103,0.14866266800151268,0.01703971962940764,0.1342966926316143,0.01656525877411631
normal_mixture,10000,1.0,0.1662784787691629,0.035009854554927604,7.678637611736194e-05,0.002048451557595518,0.0032983402312073817,0.0018312876768129286,0.14051808417783085,0.01599084887542478,0.13262656955963945,0.013923708325170632
normal_mixture,15000,1.0,0.16473925884626897,0.03528198476832725,-0.00029857688709005695,0.0016369243987445908,0.0027987419506906985,0.0015466119528234,0.13709054497161902,0.0140148115745882,0.1302783718957925,0.012374118786554866
normal_mixture,20000,1.0,0.1618243835770132,0.035295033367266686,-0.0007498289679782595,0.0016017644052063011,0.0025693745027378138,0.0015313085985438066,0.13304999510419788,0.014225874220900213,0.12977129972439264,0.01223432536653642
t_mixture,5000,1.0,0.14431534624354958,0.039209405903427995,0.0007136112060409957,0.0031508593452539723,0.003670652673946084,0.0030189884388034946,0.11461281084207975,0.01672114625350943,0.09621821219998683,0.014365388223272844
t_mixture,10000,1.0,0.14004501618751083,0.04291682334148389,-0.00030828378340915375,0.0033671862700931114,0.0028588041683962053,0.0031144192631460464,0.10573606509012488,0.014507968597928104,0.09434783520803565,0.01287110440535821
t_mixture,15000,1.0,0.1369160888880611,0.04373671791763348,-0.0007108523105123816,0.004430667815211996,0.0027610033053924545,0.004732925543472332,0.10252531534243435,0.013252585845136763,0.09313779566016492,0.011430941008226461
t_mixture,20000,1.0,0.13208414776761523,0.03917806459912549,-0.0009455532746425427,0.003081643806913725,0.0024855622003176416,0.003046844904180115,0.09982163855369999,0.012879859767509853,0.0931054946778514,0.010696587616252924
